left child: 2i + 1
right child = 2i + 2
parent = (i - 1) // 2


example:

[10, 9, 9, 6, 1, 8, 9, 5]
  0, 1, 2, 3, 4, 5, 6, 7

      10
     9, 9
 6, 1	8, 9
5


i = 8
p = (8 - 1) // 2 = 3
[10, 9, 9, 6, 1, 8, 9, 5] <- 13
  0, 1, 2, 3, 4, 5, 6, 7,     8

      10
     9, 9
 6, 1	8, 9
5, 13


i = 8
p = (8 - 1) // 2 = 3
13 >= 6
[10, 9, 9, 13, 1, 8, 9, 5, 6]
  0, 1, 2,  3, 4, 5, 6, 7, 8

      10
     9, 9
 13, 1	8, 9
5, 6


i = 3
p = (3 - 1) // 2 = 1
13 >= 9
[10, 13, 9, 9, 1, 8, 9, 5, 6]
  0, 1, 2,  3, 4, 5, 6, 7, 8

      10
    13, 9
 9, 1	8, 9
5, 6


i = 1
p = (1 - 1) // 2 = 0
13 >= 10
[13, 10, 9, 9, 1, 8, 9, 5, 6]
  0, 1, 2,  3, 4, 5, 6, 7, 8

      13
    10, 9
 9, 1	8, 9
5, 6


i = 0
p = (0 - 1) // 2 = -1 (out of bounds)
